1
31,0
3
2,4
34,3
6
36,5
37,8
7,9
8,10
9
41
42,13
12
15
45,14
17
47,16,18
17,19
18,20
50,19
51,22
52,21
53
54
55,26
25,27
26,28
58,27,29
59,28
60
1,32
62,31
63,34
4,33,35
65,34
6,66
7,67
39
69,38,40
70,39,41
11,71,40
12,72
73,44
74,43
15,75,46
45,47
17,46
49
79,48
20,80
21,81
22,82,53
23,52,54
24,84,53
25,85,56
86,55,57
56
28
29,89
30,90
62
32,92,61
33,64
94,63
35,66
36,96,65
37,68
98,67
39,99
40
41,72
42,102,71
43,103
44,104,75
45,105,74,76
75
78
108,77
49,80
50,110,79
51
52,112,83
113,82
54,114,85
55,84
56,116,87
86
118
59
60,120,91
121,90,92
62,91,93
123,92
64,95
94
66,126
98
68,97,99
69,129,98,100
130,99
102
72,132,101
73
74,134
75,135
136
108
78,107,109
139,108
80,111
141,110
82,142
83
84
145
86,146,117
116,118
88,148,117,119
118
90
91,122
121
93,153
125
124,126
96,156,125
157
129
99,128
100,160
161,132
102,162,131
163,134
104,164,133
105
106,137
167,136
168,139
109,138
170,141
111,171,140,142
112,141,143
142,144
143,145
115,144
116,176,147
146
118,178,149
179,148
180
152
182,151
123,183
184
185
126,186,157
127,156
188,159
158,160
130,190,159
131,191
132,163
133,162
134
195
167
137,197,166,168
138,167
199
140
141
202
203,174
173,175
174
146,206,177
176
148
149
150,210,181
180
152,183
153,213,182
154,214,185
155,184
156,216
188
158,187
219
160
161,192
222,191
194
224,193
165,225
226
167,198
228,197
169,229
230,201
231,200
172,203
173,202,204
234,203
235,206
176,205,207
237,206
209
239,208
180,240,211
210,212
242,211
183,243
184,244
245,216
186,246,215
247,218
248,217
189,220
250,219,221
220,222
192,221
253
194,225
195,255,224
196,256
257,228
198,227
199,259,230
200,260,229
201,261
262,233
232,234
204,233
205,236
266,235
207,267
239
209,269,238
210
242
212,272,241,243
213,242,244
214,274,243
215,275
216,247
217,277,246
218,278
250
220,280,249,251
250,252
282,251,253
223,283,252
255
225,285,254,256
226,286,255,257
227,287,256
288
229
230
231,291
232,263
293,262,264
263
266
236,296,265
237,268
298,267,269
239,299,268
271
301,270,272
242,302,271
303,274
244,273
245,305
306
247,307
248,308,279
278
250,310,281
280
252,312
253,313
314
255
256,316
257,317
258,318
319,290
289,291
261,290
322,293
263,292,294
293
325,296
266,326,295
298
268,328,297
269,329
301
271,331,300
272,332
273,333
334
275,335,306
276,305
277,337
278
310
280,340,309
341
282,342
283,343,314
284,344,313,315
345,314,316
286,346,315
287
288,319
289,349,318
350,321
320
292,323
353,322
354,325
295,324
296
357,328
298,327
299
360
301
302
303,334
304,364,333,335
305,334,336
366,335
307,367
368
369
310,370
311,371
312
313,373
314
315
316,347
377,346,348
347
319,350
320,349,351
350,352
351,353
323,383,352,354
324,353
385,356
386,355,357
327,387,356,358
388,357,359
389,358
330,390
362
392,361
393,364
334,363
366
336,396,365
337,368
338,367,369
339,399,368,370
340,400,369
341,372
402,371,373
343,372,374
373,375
405,374,376
375
347
408
409
410,381
380
412
353,413,384
414,383
355,415
356,416
357
358
359
360,420
421,392
362,422,391,393
363,423,392,394
424,393,395
425,394
366,426
398
428,397
369,429
370,430,401
400
372
433,404
434,403,405
375,404
436
437
378,438,409
379,439,408
380,411
441,410
382,442
383,443
384
385
386
447
448
449
390,450
391,451
392
393,453
394
395,455
396,456
457
398,458
399
400,431
430
462,433
403,463,432
404,464,435
465,434
406,466
407,467
408,468
409
470
411,442
412,472,441
413,473,444
443
475
476,447
417,446
418,478
419,479
420,480
421,452
451
423,454
453
425,485
426,486
427,487
428,488
489
490
462
432,492,461
433,493
434
435,495,466
436,496,465
437,468
438,498,467,469
499,468,470
440,469
501
442,502
443
504
445,505
446,506,477
507,476,478
448,477,479
449,509,478
450,510,481
511,480,482
481
484
514,483
455
456,487
457,517,486,488
458,487,489
459,519,488
460,520
521
462
463
495
465,525,494
466,526
527,498
468,497
469,500
530,499,501
471,531,500,502
472,532,501,503
502
474,534,505
475,535,504
476
477
538
479,539
480,540
481,541
513
543,512
484,544,515
545,514
546
487
548
489
490,550,521
491,520,522
521
553,524
554,523
495
496,556,527
497,557,526,528
527
559
500
501,561
502,562,533
563,532,534
504,533
505,565,536
535,537
567,536
508,539
509,569,538
510,570
511
543
513,542,544
514,543
515,546
516,576,545
577,548
518,578,547
579
520,580,551
550
582
523
524,584
585
526
527
588
529,589
590,561
531,591,560
532,592
533,593
594
535
596
537,597,568
567,569
539,599,568
540,571
601,570
573
572,574
604,573
576
546,606,575,577
547,576
548,579
549,609,578,580
550,579,581
580,582
552,581
613
554,614,585
555,615,584
616
617
558,618
559,619
560
561
562
563,623
564,595
594,596
566,626,595,597
567,627,596,598
597
569
630
571,602
601,603
633,602
574,605
604,606
576,636,605
637
638
579,610
609,611
610
642
583,614
584,644,613
585,645
586,646
587,647
588,648
589,649
621
651,620,622
621,623
593,653,622,624
623,625
624
596
597,657
629
659,628
600,631
661,630
633
603,632,634
633,635
665,634
606,666
607,667
608,668
669,640
639
642
612,641,643
673,642,644
614,643
615,675
616,647
617,677,646
618,678,649
619,679,648,650
649
621,681,652
682,651
623,683
684
685,656
655
627,687,658
657
629,689
690,661
631,660,662
692,661,663
693,662
694
635,695
636,696,667
637,666,668
638,667,669
639,668,670
700,669,671
670,672
671
643,703
704
645,705,676
706,675
647,707
648,708
649
710
651
652
653,713
654,714
655,686
716,685,687
657,686,688
718,687,689
659,688
660,720
721
662
663,723,694
664,693,695
665,725,694
666,726,697
727,696
728
729,700
670,730,699
731
732
673,733
674,734
675
676,707
677,706
678,738
710
680,740,709
741,712
742,711
683,743,714
684,713
745
686,746,717
716
688,719
749,718
690
691,751
723
693,753,722,724
723
695,755,726
696,725
697
698,758,729
699,759,728
700,760
701,732
702,762,731,733
703,732,734
704,733
765
737
767,736
708,739
769,738,740
710,770,739,741
711,771,740
712,743
713,773,742,744
774,743
715,775
716,776
777,748
778,747,749
719,779,748
780
721,781
782
723
784,755
725,754,756
786,755,757
756
728,788
729
730,790
791,762
732,792,761
793,764
763,765
735,795,764,766
765,767
737,797,766,768
767
739
740,800
741
773
743,803,772
744,804
745,805,776
746,806,775
747,807
748,808
749
750,810
751,811
752,812
813
754,785
815,784
756,787
786
758,789
819,788
760
761,821
762,822,793
763,792
795
765,794
826
767,798
828,797
829
770,801
800,802
832,801
773,833
774
775
776
777,837
778,838,809
808
780,840
781,812
782,842,811
783,843
844
785,816
846,815
847,818
817
789,849
821
791,820
792,823
822,824
854,823
855,826
796,825
857,828
798,827,829
799,828,830
829
861
802,862
803,863
864
865
866,837
807,867,836
808,839
869,838
810,870
871
812,843
813,873,842
814,845
875,844
816
817,848
878,847
819,850
880,849
881
882
883
824,855
825,854
886
827,887
859
889,858
861
831,891,860
832,892
833,864
834,894,863
835,895,866
836,865
837,868
898,867
839,899
840,871
841,870,872
871,873
843,872,874
873,875
845,874,876
875,877
876,878
848,877,879
878,880
850,879,881
851,880,882
852,881,883
853,882,884
883,885
884,886
856,885,887
857,886,888
887,889
859,888,890
889,891
861,890,892
862,891,893
892
864
865,896
895,897
896
868
869
