15,1
16,0
17,3
18,2,4
19,3,5
4
21
8
23,7
24
25,11
10,12
11
28
29
0,30
1,17
2,32,16
3,33
4,20
35,19
6,36
37
8,24
9,23,25
10,40,24,26
25,27
26,28
13,27
14,44
15,31
30
17
18,34
33
20,50,36
21,51,35,37
22,36,38
53,37
40
25,55,39,41
56,40,42
57,41,43
42,44
29,43
46
61,45
62
63
64,50
35,65,49
36,66
67
38,54
53,55
40,70,54
41,71
42,72,58
73,57,59
58
61
46,60,62
47,77,61,63
48,62,64
49,79,63
50,80
51,81,67
52,66,68
83,67,69
68
55
56,86
57
58,74
73
90,76
75,77
62,76
79
64,94,78
65,95
66
97
68,84
99,83,85
100,84
71
102,88
103,87
104
75,91
90
107
108,94
79,109,93
80,110,96
111,95
82,98
113,97
84,114
85,115
102
87,101
88,104
89,119,103
120
107
92,122,106,108
93,107
94
95,125
96,126
127
98,128
99
100
131
118
117,119
104,134,118
105,121
136,120,122
107,137,121,123
138,122
139
110,140
111,141
112,142
113,129
144,128
145
116,146,132
131
148
119,149
150
121,151
122,152
123,139
124,138
125,155
126,142
127,141
158,144
129,143,145
130,160,144,146
131,161,145,147
162,146
133,163
134,164
135,165,151
136,150
137,153
168,152,154
169,153
140,170,156
171,155,157
156,158
143,157
174
145,175
146,176
147,177,163
148,162
149,179
150,166
165,167
182,166
153
154
155,185
156,186
173
188,172,174
159,173
160
161
162
179
164,194,178
195
196,182
167,181
198
199
170,200
171,187
202,186
173,203,189
204,188,190
189
206
207
208
179,209
180,210,196
181,211,195,197
212,196,198
183,213,197
184,214
185,215,201
216,200
187,217,203
188,202
189,219
220,206
191,221,205
192,208
193,223,207
194,224
195
196
197
198,214
199,213
200
201
202,218
217
204,220
205,219
206,222
221,223
208,222,224
209,223
