1
0,2
22,1,3
23,2,4
24,3,5
25,4,6
5,7
6,8
28,7,9
8
30
12
32,11
33
34
35
17
37,16,18
38,17,19
39,18
40,21
41,20,22
2,42,21
3
4,44
5,45,26
46,25
47
8
49,30
10,29
32
12,52,31
13,53
14,35
15,55,34
56
17,57
18
19
20,60
21
22,62
63,44
24,64,43
25,65
26,47
27,46,48
68,47,49
29,48,50
70,49,51
50
32,72
33,73
55
35,75,54,56
36,55
37,77,58
78,57
79
40
81
42,82
43,83
44,84
45,66
86,65,67
87,66
48,69
89,68
50,90,71
70,72
52,71,73
53,72,74
73
55,95,76
75,77
57,76
58
59,99
100
61,82
62,81
63,103
64,104
86
66,85
67,107
108,89
69,88
70
111
93
113,92
95
75,94,96
95,97
117,96
118
79,119
80,101
100,102
101,103
83,102
84,105
125,104,106
126,105
87,127
88,109
108,110
130,109,111
91,131,110
132,113
93,112
134
116
136,115
97,137
98,138
99,139
121
141,120,122
142,121,123
122,124
123,125
105,145,124
106
107,128
127,129
149,128
110
111
112,133
153,132,134
114,154,133
155,136
116,135,137
117,157,136
118,139
119,159,138
141
121,140
122,143
163,142,144
143
125,165
166
148
147,149
129,169,148
170
171,152
151,153
133,173,152
134
135,175,156
155
137,177
178
139,179
180
181
163
143,162
184
145,185
146,167
166,168
188,167,169
149,168
150,190
151,191,172
192,171
153,193,174
194,173
155,176
175
157,178
158,198,177,179
159,178
160,200
161,201
202
203,184
164,183
165,205,186
206,185,187
207,186
168,208,189
188
170,210
171
172
173
174,214,195
194
216,197
196
178,218
219
180,201
181,200,202
182,222,201
183,223
224
185,225
186
187
188,228,209
229,208,210
190,230,209
231
232
214
194,234,213
235
196,236
237
198,219
199,239,218
240
222
202,242,221
203,224
204,244,223
205,226
225,227
226
208,248
209,249
210
211,232
212,231,233
253,232,234
214,233
215,255
216,256,237
217,236,238
258,237,239
219,259,238
220,260
261,242
222,262,241,243
263,242,244
224,264,243,245
244
266
248
228,247
229,269
251
271,250,252
272,251
233,254
274,253
235,275
236,276
277,258
238,257
239,279
240,261
241,260
242,282
243
244,265
264,266
246,265,267
266,268
267,269
249,268,270
290,269
251
252,292
274
254,273,275
255,295,274
256
257
298,279
259,299,278
300
282
262,281,283
303,282
304
305,286
306,285,287
286
308
309
270
292
272,312,291,293
313,292
295
275,315,294
316,297
296
278,318
279,319
280,320
321,302
322,301
283,323,304
284,324,303,305
285,304
286,326,307
327,306,308
288,328,307,309
289,329,308
330,311
331,310,312
292,311
293,333
315
295,335,314,316
296,336,315
318
298,338,317
299,339
300,340,321
301,320
302,342,323
303,322
304,344
345
306,346
307
308,348
309,349
310,350
311,332
352,331
313,334
333,335
315,334
316,356,337
336,338
318,337
319,359
320,341
361,340
322
363,344
324,343,345
325,344
326,366
367,348
328,347
329,369,350
330,370,349
352
332,351
373
374,355
354,356
336,355,357
356,358
357
339
380,361
341,381,360,362
382,361
343,383,364
363
385
346,386
347,387,368
367
349
350,371
391,370,372
371,373
353,372
354,375
395,374,376
375,377
397,376,378
398,377
399
360
361
362
363,384
383,385
365,384
366
367,388
387,389
388,390
389
371,392
391,393
392,394
393
375,396
395
377
378,399
379,398
