10,1
0,2
12,1
13
14
6
5,7
17,6
9
19,8
0,20
12
2,11,13
3,23,12,14
4,13
25
26
7,27
19
9,29,18
10
22
32,21
13,24
23,25
15,35,24
16,27
17,26,28
27,29
19,39,28
40
41
22,42
43
44
25,45
46
47
48
29,49
30,50,41
31,40
32,43
33,53,42,44
34,43
35,55
36,56
37,57
38,58
39,59
40,51
61,50,52
51,53
43,52,54
64,53,55
45,54,56
46,55,57
47,67,56,58
48,57,59
49,69,58
61
51,60
72,63
62
54,74
66
76,65,67
57,66
78
59,79
71
81,70,72
62,82,71,73
83,72
64,75
74
66,86
87
68,88
69
90,81
71,91,80
72
73,93,84
83
86
76,96,85,87
77,86
78,98,89
99,88
80
81,92
91
83,94
93,95
94,96
86,95,97
96,98
88,97
89
